5 209 15 8 5
9 72 13 7 5 3 4 2 264 90
56 433 82 5 4 9 48 1 10
645 706 51 97 952
5 20 28 9 34 585 1 4
308 8 7 197 20
3 995 6 7 2 4 5 9 4 5 220
8 492 23 8 62 633 81 6
5 1 70 943 4 44
6 30 9 101 787 7 62 47
58 95 2 660 825
795 842 819 6 3
2 2 6 86 4 1 2 111 1 4 5 4
151 44 65 9 5 2 5 443
44 3 11 592 9
244 52 2 427 213
54 6 21
8 2 8 9 245 566 7
69 5 466 919 68 3
39 6 18 822 3 8 411 9
72 207 340 97 7
2 4 846 6 71
3 5 73 141 1 144 97 7
935 83 3 4 1 8 8 5 444
48 58 67 8 66
76 17 9 66 5
80 10 990 34 15
17 7 5 888 562
9 3 9 7 40 3 2 5 55 7 8 6
7 20 8 759
3 4 960 1 11
74 8 135 12 68
5 147 367 905 1
5 9 328 4 6 52 645
164 6 6 79 5 6 7 5 1 1 25
61 2 46 84 2
8 6 675 92 7 7 61 675 1
549 53 2 2 8
9 908 9 69 631 2 7 9 6 3
57 1 4 53 759 555 2 5
82 8 28 77 2 93
2 3 81 4 5
4 45 9 81 8 4 24 55 7 44
361 19 60 7 57 83
796 16 42 5 4 4 425
4 9 5 3 42 3 30 1 951 4
9 7 9 1 80 4 989 19
995 169 1 105 157
788 2 72 69 37 9 3 6 68
85 329 27 5 85
16 2 9 66 245
178 178 97 34 84 4
208 20 1 98 35
63 6 44 2 8 9 72 644 2
913 6 1 408 2 5
104 54 67 3 36
7 755 69 150 2
509 930 66 235 74
46 61 2 20 7
6 5 4 6 192 9 1 3 23 3 4 4
54 1 298 9 395
4 9 997 5 46
92 37 42 661 1 6 39
99 825 4 4 6 612
6 27 8 2 3 5 9 1 647 2 7 9
483 200 26 8 1 388 3 8
65 474 47 5 66
43 46 60 412 45
6 82 5 279 280 654 77
9 2 2 9 9 32 2 7 55 1 6 3
19 35 316 94 542 3 5
29 2 61 2 7 83 12 113
271 2 5 457 734 5 427
7 1 4 1 61 726 3 29 6 83
394 420 29 75 274
42 384 117
130 689 7 233 24
103 5 74 88 3 42 53 26
2 1 697 59 870 53 1 7
4 3 26 82 96
112 48 7 2 12 2 40 42
3 5 36 92 217 211 6
6 73 8 1 8 1 2 2 3 82 2 70
2 2 6 1 18 7 16 4 163 6 9
4 7 15 7 9 77 254 4 4 5 9
74 3 49 58 58 28 887
429 1 75 8 4 677 6 5
7 9 75 613 74 2 3 541
174 1 51 2 3 8 53 4 4 1
1 817 6 51 95
1 7 1 270 99
980 9 474 6 419 39 96
3 428 2 4 99 7 5 4 48
3 785 213 585
865 9 2 23 8 3 4 6 8 6 34
2 935 89 5 90 440
943 8 689 7 1
8 499 44 57 444 22
6 43 488 8 2
13 112 81 67
3 1 3 4 2 373 4 3 98 60
6 484 9 863
36 270 4 2 1 6 84 26 44
977 988 9 40 4 484
12 2 861 7 9 98 8 5 2 6 5
1 2 73 739 6
4 67 5 9 6 109 5 8 256
14 65 79
82 8 608 31 4
7 1 4 5 2 4 96 5 2 3 646 6
50 4 8 5 5 287
520 71 2 483 463
1 61 255 5 4
494 9 208 94 64
6 7 236 5 10 4 336 36
80 52 28 34 6 70 57
92 6 4 22 53 94
95 455 2 7 964
202 5 3 356 27
5 7 7 8 21 4 1 6 786
5 143 768 42 1
1 8 1 9 16 6 8 9 8 9 758 8
44 1 76 57 6 189
663 801 520 91 36 8 8
5 9 7 88 1 1 4 34 27 5 4 5
3 8 296 5 37 761
688 68 56 3 213
1 71 564 97 3
4 375 548 3 939
7 1 5 8 6 15 21 9 5 7 1 9
1 621 7 5 5 4 46 45 4 4 6
9 94 6 4 4 4 2 6 852 4 3 7
2 724 5 7 6 4 3 3 6 7 8 3
93 68 242 881 319 1
8 7 1 827 388
97 231 1 6 774 27
39 5 7 6 4 99 2 7 27 9 2 8
46 9 758 1 4 618 2 2 58
389 18 5 25 46 99 581
69 97 471 45 675 95
81 30 4 8 8 4 99 9 1 73 6
7 9 7 57 7 86 7 634 7 40
3 2 4 167 1 416 9 8 9 9 1
4 90 7 1 7 3 4 4 1 1 3 60
57 34 35 97 871
9 5 258 2 72 43 46 462
16 5 3 9 533 4 19 955
785 34 499 61 72 6 6
8 6 20 5 3 9 7
7 7 2 356 3 8 8 4 78 8 5 3
815 7 422 7 8
78 87 8 973 848 48 5
2 58 42 16 599
19 75 26 62 379 321 1
82 1 666 3
69 725 91 2 1 6 58
9 73 4 7 2 415 111 866
324 963 5 17 53 71
4 6 859 4 4 2 9 33 947 6
32 3 507 92 6 81 4
1 72 45 15 81 3 52 6
8 238 230 3 809 6 236
9 4 7 96 6 5 9 4 2 3 284 1
1 2 9 999 34 9 7 6 77 9 3
9 328 67 4 442 71 84 1
51 72 9 94 19 27
9 24 83 15 7 374 8 45
31 9 72
515 694 9 9 705 6 20
263 4 1
30 496 29 9 637
52 91 808 70 263 920
1 1 6 3 1 4 8 7 28 36 4 8
4 59 238 9
19 77 5 94 92
73 9 8 738 9 49 9 947
815 8 337 75 9 4 40 4 1
811 1 38 14
8 406 3 205 909
375 431 577 8 6
6 71 76 9 840 630 2
608 560 6 220 755
29 7 9 2 7 884 639 5 2
44 36 8 3 4 47 8 4 2 4
444 7 2 739 499
45 77 95 76 81 592 2
8 95 10 4 9 5 18 8 7 4
4 4 9 2 7 7 4 7 5 18 9 986
1 1 1 2 9 9 888 58 2 1 5 3
949 34 8 346 2
693 98 5 811 151
3 19 724 71 28 5
38 2 54 2 75 1 5 75 435
567 23 634 94 87 57
2 77 8 8 9 4 780 4 3 442
774 52 6 5 204 1 3 24
783 4 153 27 230 5 2
425 410 89 8 551 3 53
659 1 8
317 3 21 165 595
5 27 58 831 502 1 927
64 1 2 7 6 9 50 7 4 504
981 5 7 688 95 304 1
7 96 476 7 2 9 8 17 519
9 9 72 99 3 303 94
461 516 70 460 28
2 6 466 33 92
3 329 3 7 90
235 8 6 441 31 1
8 894 3
2 3 15 868 4
672 57 984 337 9
68 9 74 444 7 5 1 1 6 29
4 5 17 6 7 15 3 53 872 2
16 4 7 46 14 50 2 6 93 1
139 216 6 897 39
67 3 78 510 8 108 4
6 2 29 66 73 82
6 63 96 27 83 5
5 76 586 3 4 3 7 7 88 9 1
6 1 9 6 6 3 5 605 7 6 440
6 846 1 740 776
8 30 67 5 611 859
9 199 6 84 84 843 226
36 29 835 4 97 9 52
1 83 586 92 1 9 5 1 4
79 1 42 7 21 7 38 3 3 4
4 633 23
44 767 851 3 56
3 4 6 3 5 3 6
2 1 53 993 928 7 65 8 6
8 1 79 47 531 4 429
3 9 6 53 91 2 7 17 426
201 59 750 31 28 5
423 4 9 4 1 9 6 7 5 389
27 265 1 67 373
4 2 98 77 989 360 1 3 5
8 98 51 7 5 31 54 5 3 2 7
3 5 5 9 3 8
9 6 2 1 56
75 65 814 957 8 39
85 9 5 24 535 5 3 9 54
6 333 1 1 5 3 69 8 4 7 6 4
3 3 39 29 783 6 4 1 5 48
3 8 519 5 8 6 348
935 99 97
3 4 8 5 6 7 1 4 961 57 5
3 978 74 880 42
1 161 76 82 2 643 5 97
6 4 31 1 72 39 7 2 8 6
2 2 8 652 8 9 2 4 829 2 9
5 9 7 9 3 177 6 21 6 4 93
864 9 15 13 2 1
5 2 967 353 33 8 52 66
13 247 3 412 2 2
761 426 979 26 111
7 6 41 30 8 639 3 7 8 5 2
11 4 259 97 77
9 9 1 4 891 15 4 683
877 56 46 23 8
43 161 38 8 480
57 271 3 722 660
754 5 15 82 7
823 4 3 7 516 5 1 8 1 9
3 2 90 8 5 9 839 711 46
547 4 3 242 616
4 7 3 620 8 36 59 187 8
1 2 2 7 3 9 5 5 98 299 28
3 722 137 2 1 5 132 3 8
767 347 5 979 45
9 98 511 6 7 7 5 9 7 4 31
695 7 999 70 8
9 3 6 9 460 3 3 552 8 3 8
3 53 8 59 9 1
503 59 985 8 5 95 4 9 9
8 652 525 74 32 47
1 92 36 5 7 2 3 90 4 3 3 7
641 9 2 1 6
436 73 9 47 42 5 1 7 4
45 80 57 17 6 2 51 4
7 6 14 672 2 154
4 66 9 276 7 114 8 7 8 6
81 9 39 66 45 2 3 6 2
23 486 5 4 1 6 1
9 249 9 794 819 78 5
6 33 76 4 5
4 7 667 858 276 497
70 320 89 44 44
8 97 309 13 39 2 8 4
75 1 626 996 10 14 7
4 84 38 29 107
2 66 6 46 6 20 9 6 3
2 1 1 5 5 5 810 3 7 512 5
5 9 964 97 151 59 195
48 8 85
40 1 79 4 96
3 533 60 19 3 3 606 7 9
16 6 161 2 422
310 3 838 5 743 1 88
8 3 54 17 588
1 862 9 5 8 1 2 614 4 9 5
9 584 52 4
292 6 488 28 287
6 5 2 7 628
427 46 78
4 4 9 1 635 8 5 4 338 9
87 86 3 9 66
7 95 548 8
545 386 31 9 50 6 906
3 5 2 7 88 511 4 9 641
55 2 2 8 89
9 8 231 4 2 83 126 8 6 1
200 5 3 8 9 3 8 3 8 2 73 1
93 56 367 6 33
1 93 599 731 411 57
8 3 624 55 4 9 42 8 418
8 84 9 70 9 51 9 1 7 3 6 7
639 8 2 8 1 886
8 474 78 942 237 7
70 293 9 77 618
1 7 4 2 3 94 9 8 8 332 9 5
7 14 72 4 6 16 522 42
34 1 5 76 6
77 1 6 3 25
54 2 192 591 5
156 5 826 9 77 701 2
30 72 145 8 366 2
671 5 2 5 3 1 230 32 65
66 569 1 7 79 58 3 31 6
6 6 5 6 64 6 261 50
6 6 3 8 4 4 15 2 82 489
3 36 5 880 944 2 821
3 70 8 7 83 7 438 34 2 5
2 3 8 7 7 8 6 6 49 8 7 808
168 1 8 1 9 9 5 4 3 8 850
4 3 53 345 15 5 8 67 1
181 369 355 82 1
747 52 3 14 1 6 9 726
6 2 63 9 4
2 3 976 74 347 41
5 7 7 31 7 8 663 5 1 57 1
9 6 372 9 46 96 7 7 1 5 2
1 6 7 3 8 1 47 6 6 87 6 75
3 23 2 35 59 9 389 80
5 2 7 7 7 4 204 1 6 51 3 5
8 91 99 4 6 881
85 458 98 47 116
546 3 17 79 3 6 570
477 1 894 61 6 31
365 81 304 7 8 488 8
4 84 2 47 1
1 2 75 6 1 6 9 864 8 8 4 2
164 931 4 9 3 4 2 991 5
58 26 94 3 6 912 2 7 7
76 75 7 180 7 687 350
3 4 5 91 82 1 6
285 7 44 3 1 7 2 414 9 3
618 8 49 955 3 1 2
83 2 29 93 776 148
239 29 87 5 734 2 5 78
7 853 9 9 4 74 67 7 7 38
8 496 2 5 797 2 7 302
6 5 8 813 89 2 3 10 99 2
640 813 14 5 63
44 94 2 4 2 165
3 55 916 9 27 9 26 69
3 25 570 80 62 675 88
498 74 25 1 4 412 38 3
888 8 5 388 279
632 5 1 69 2
22 6 6 43 2 6 177 9 7 4 6
2 1 544 4 6
82 1 7 8 8 75 4 1 743 3 5
22 9 92 11 9
255 892 9 2 376
6 5 9 16 73 93 88
4 6 9 33 5 9 874 6 93 2 1
4 21 7 319 3
383 4 67 333 8
75 93 362 328 895
590 4 823 39 479 90
54 8 9 2 37
44 5 3 5 20 1 118
487 8 8 36 71 59 60
3 6 446 2 9 4 2 21 3 3 9 8
6 3 41 7 5 732 4 6 2 6 1 5
41 3 436 749 562
94 3 816 9 80 9 8 20 2
95 3 87 69 5 7 2 1 42 5
8 79 9 550 551 3 2 7 6
7 278 7 9 7 6 9 7 92 3 6 2
7 64 97 18 80 5 5 3 726
97 61 54 113 38
443 9 338
9 77 72 87 782 3
7 8 5 632 7 367 645 1 4
9 865 9 9 63 34
8 8 394 8 14 8 91
97 6 7 2 71 13 5 7 928 4
69 62 404 394 8 1 4
39 7 6 3 6 5 4 9 97 652 8
2 7 6 5 36
8 9 2 418 43 6 3 5 5 1
6 8 5 5 6 2 2 91 9 6 4 8
414 56 5 43 79
47 9 4 836 5 55
8 4 826 7 65 7 6 45 711
6 2 67 9 1
635 8 2 998 1
969 71 5 8 1 9 1 4 9 7 4 6
3 18 4 51 375 1 10 1 1
82 932 31 76 20
8 5 89 728 86
6 77 24 460 1
65 197 5 624 8 7 8 42
624 4 15 884 409 71
658 7 684 73 1 12 68
9 7 1 990 3 1 29 8 428 5
66 5 5 4 3 8 62 5 2 95 3
98 931 776 44 5 623
3 170 67 53 68
8 6 47 583 182 570
6 26 63 6 82 4 2 6 6 77
319 6 731 3 5 9 641 6 6
512 27 96 13 1 12 508
2 43 478 750 2 8 82 20
22 51 78 801 755
70 913 33 86 8 577 9
453 6 4 726 437
3 37 322 2 9 3 8 5 4 6 52
1 132 3 59 901 841 8 1
45 3 37 5 6
94 7 9 4 5 83 7 4 4 29 9 2
9 5 2 6 6 68 1 66 1 70
3 5 57 147 161
91 2 8 3 4 84 81 635
738 915 29 7 7 6 2
919 4 533 5 8
7 67 87 7 984 187 206
53 54 4 30 6 2 51 29 8
81 866 560 3 2 5
7 4 6 569 8 42 3 3 6 6 4 7
816 7 2 5 9 2 5 17 7 2 4 4
9 6 8 9 847 12 45 4
544 4 515 43 56 1 462
487 9 7 2 8 9 57 3 7 830
71 497 9 17 1 2 8 321
248 4 120 8 49
8 4 246 80 472 32 3 4 9
43 5 903 9 160 512 4
968 469 6 59 4 1 412 8
84 4 93 4 9 94 81
2 51 6 7 5 8 8 2 380 3 6 9
205 9 5 8 90 7 8 58 5 52
334 543 965 6 17
2 200 63 3 65
72 5 5 5 43 80 658
637 1 55
3 7 3 2 62 4 730 5 4 9 1 2
79 717 9 363 6 640 9 3
47 81 6 148 8 875
499 814 336 742 9
2 941 934 5 121
9 5 5 2 46 68 82 8 3 8 4 9
3 1 736 2 5 8 7 8 1 887 6
45 68 373 761 597 5 9
1 51 7 6 188 72 74 223
8 13 1 880 20 8 97 8
4 6 8 18 83 8 63 694 61
6 8 238 1 9 93 759 50 8
3 64 2 5 432 10
9 6 396 9 6 2 61 80 4 87
358 6 4 260 6 2 768 5
8 57 42 11 1 234 4 857
7 6 37 50 7 2 4 505 4 5 3
24 6 75 503 86
1 443 7 7 3 9 13 4 9 98 1
282 67 65 45 7 336
6 7 42 3 3 6 5 6 6 759 5 6
99 85 953 206 7
627 5 533 72 38
9 7 4 1 2 3 86 2 2 6 486
74 6 3 7 442 9 1 5 2 3 2 2
22 9 55 2 3 26 85 4 1 93
3 124 61 16 57 784
5 757 237
4 1 260 9 31
688 3 5 39 894 7 7
4 69 4 7 50 66 577
492 9 6
90 82 9 37 3 563
8 5 376 5 97 6
8 8 8 914 5 5 9 44 5 3 9 5
271 4 9 416 2 6 696 67
88 20 3 97 325 82 7 4
500 7 58 2 5 4
20 1 598 65 9 5 8
2 8 818 8 48
4 89 848 37 3 1
255 866 7 416 83
937 8 988 49 86
57 74 9 2
1 28 89 6 78 22 158
571 1 583 274 79 44 4
95 985 4 59 72 554 31
2 16 34 9 841 64 8
95 14 581 58 897 3
9 2 853 2 26 70 9 201 2
406 95 38 21 9
76 2 957 187 5 953
605 7 322 48 9
1 6 6 868 4 3 7 9 842 73
468 5 86 66 4
63 325 823 20 20
3 4 7 407 7 4 9 2 7 804 9
463 6 152 4 736 6
838 6 52 54 7
84 753 207 2 74 994
347 1 9 5 15 4 3 188 8
3 7 427 7 6 3 3 9 34 2 7 4
207 6 69 987 6
92 2 311 99 101
488 2 591 9 73
716 86 96 7 858
470 249 95 675 6 610
6 446 27 8 4 1 39 1 3 9 5
728 367 832 28 14
671 6 5 65 5 63 8 2 4 2 8
3 2 5 847 3 6 415 9 7 9 5
9 6 9 4 21
27 3 66 75 45
318 135 7 3 607
604 33 97 3 659 2
5 9 4 7 605 6 9 8 303 4 8
1 369 6 30 729 3
5 999 805 3 69 3
556 2 8 6 9 2 5 9 3 748 8
54 939 29 8 165
29 8 87 12 30 5 8 935
7 6 92 323 87 649
3 36 78 103 6 11 42
608 905 783 815 2
65 888 544 875 91
90 7 4 976 77 98 5
22 1 96 85 121
87 948 272 255 7 4 7 1
7 849 92 96 2 941 315
2 4 76 898 6 9 432
1 708 6 3 7 9 54 95
925 50 2 8 9 7 89
545 95 4 8 9 5 15 4 9 3 5
6 401 1 4 22 5 5 2 521 8
4 9 3 8 7 245 2 2 92 3 7
7 501 7 39 3 606 8 79
6 5 8 895 318 478 76
8 5 6 10 3 1 67 19 2 4 1 7
6 540 7 4 78 4
636 3 9 968 4 4 8 8 5 9 1
694 1 1 1 2 923 4 52 9 6
60 21 8 296 933 7 2
756 4 1 64 40 2 2 7 483
6 7 22 66 76 2 15 83 4
46 6 830 17 559
23 37 2 74 39 150
5 5 1 79 17 1 5 814 1 8 5
27 1 9 1 3 1 3 82 5 7 5
208 44 3 6 863 89
6 85 7 210
5 67 6 8 3
588 2 6 2 74 1 5 2 7 53
51 9 7 2 1 301 274 1 8
53 42 3 73 4 3 7 2 7 37
6 4 3 6 2 1 1 21 83 8 63
6 5 69 447 2 6 25 6 5 46
8 3 77 962 7 505 4 4
88 7 4 16 38 115 463 6
471 9 6 10 65 4 7 938
3 3 8 468 22 6 2 1 809 7
5 24 28 78 499
500 96 9 8 55 958
4 31 12 6 8 3 5 1 3 539
867 891 5 17 5
7 2 4 9 2 27 2 6 3 596
5 35 4 6 133 6 1 4 17
29 4 5 323 2 9 39 2 7 62
760 192 377 822 2
483 1 83 2 728 9
208 837 84 7 35 518
3 9 594 460 432 6 78 4
8 5 803 4 3
98 41 1 7 820 924 5 4 7
8 8 794
1 9 819 428 7 6 8 8 3 3 9
1 1 1 78 2 3 42 3 3 6 6 2
15 6 73 9 7 2 5 7 7 6 689
1 4 8 138 1
40 6 239 1 910 45 68 5
99 46 49 70 8 1 47 34
681 3 7 7 4
8 438 4 5 1 1 660 3 1 6 8
67 6 1 9 5 3 2 25 10 168
90 5 324 9 819 92
1 219 4 9 1 5 6 2 1 29 1 8
659 9 6 68 344
4 7 2 853 1 52 4 609 5 5
2 61 33 18 7
605 2 486 97 10 4 82 8
8 52 4 2 7 3 3 8 5 3 593 8
70 7 993 5 45 5 7 3 55 2
7 1 7 3 348 2 489 1 2 5 2
51 97 520 9 77 726
452 799 194 1 1 53
41 58 944 879 1 664
60 25 3 28 99
5 9 3 1 7 9 7 9 5 50 2 8
7 8 821 619 749
411 8 3
5 5 1 6 9 605 4 5 6 6 66 3
8 7 664 35 46 11 2 6
1 89 44 838 83
225 4 4 2 175 95 5 6 5
34 20 92 5 293
6 166 16 538 3
6 999 4 92 8
37 771 26 5 262 3 2 31
58 7 5 6 4 817
125 50 63 3 9 3 708 8
54 11 23 97 337 2
5 5 11 10 43 4 6 8 207 7
82 652 829 291 8
94 1 3 52 2
9 40 622 48 21
4 788 757 794 9 408 8
2 653 4 5 3 5 6 389 7 40
6 4 4 6 81 96 5 1 3 1 5 7
1 59 430 765 44
36 488 761 7 3
839 3 869 4 8
428 5 7 125
13 721 30 163 70 17
766 11 7 8 722 72 1 4 4
530 816 7 3 38
9 258 596 95 3 13 9 4 5
8 9 97 8 4 754
661 95 2 6 475
816 228 10 7 68 3
14 84 9 690 434 1 8
7 2 27 51 607 69 9 656
4 58 5 9 4 4 7 8 3 841 9
61 737 9 72 26 930 3
88 8 285 8 330 38 1 9
4 200 6 1 269
32 9 788 950 1
927 7 50 4 968 4 1 88 7
5 70 8 2 84
7 156 7 81 5 62 16 31 5
181 2 644 80 24 583
8 9 1 17 6 4 7 58 6 853
335 3 9 6 448
2 9 5 9 6 391 6 18 1 9 3
75 9 639 77 811 6 7 9
89 6 326 6 13 122
61 81 3 6 969 4 3 6 733
184 9 715 7 2 88 6 18 8
3 5 4 361 2 4 6 2 5 6 68 8
122 5 9 9 8 448 5 2 647
4 72 7 14 8 185 88
189 16 5 7 860
94 7 7 32 66
398 5 1 39 6 5
7 803 86 97 428 6
9 7 1 382 7 322 7 600 6
31 4 536 2 7 6
324 6 6 4 819
31 12 30 57 7 7 2 5 9
60 919 58 4 3
7 25 412 622 4 7
238 553 18 4 12 104 7
305 3 56 9 7 1 9 4 520 2
1 93 5 9 4 24 7 4 682 31
7 8 9 5 743 7 5 54 7 8 6
2 11 3 71 340 7 8
54 7 7 58 23 3 188 38 1
5 33 88 274 40 90 935
9 3 2 8 5 820 79 1 720 4
1 5 4 2 76
982 8 78 457 99
37 3 1 9 95 93
681 35 779 1 7
7 8 2 2 99 1 3 8 9 5 4 27
9 97 978 197 64 2 16 2
5 651 60 2 980
33 9 615 4 94 89 6
772 57 5 31 263
97 158 6 4 755 8 153
2 453 61 57
3 855 4 1 30
5 6 2 331 2 720 7 6 967
31 976 4 6 9
5 65 306 83 852 2
486 90 2 6 6 785 6
1 4 212 310 6 87 44 68
499 249 4 9 9 3 7 6 8 5
59 9 6 6 8 79 1 6 503 8
655 3 6 877 9 1 3 8 6 7 1
8 9 7
21 870 8 9 57
219 7 4 7 9 4 5 83 6 6 3 4
87 1 7 7 99 900 59 79
56 4 3 97 1 25
1 9 1 213 63 260 61
47 1 4 2 2 6 336 6 4 8 2
242 45 5 81 42
12 73 5 195 6
9 3 92 9 1
11 15 6 84 6 5 3 3 24 8
6 1 82 707 4 8 77
3 8 62 44 698
87 3 6 82 43
53 7 8 24 8 1 764
5 4 8 531 9 1 95 8 7 41
33 58 772 182 623 5
3 7 4 13 1 835 8 65 5 7
5 724 66 1 27 22
6 296 6 180 3 15 12 86
6 6 6 9 67 9 539 3 9 9 4 8
932 7 488 82 42 5 95
645 3 278 7 9 55 8 1 8
2 6 5 5 2 958 4 656 8 7 3
4 3 368 9 6 7 22 8 1 9 6
21 2 233 3 380 6 2 4 4 9
59 1 726 926 9 1 7 3 18
3 6 7 47 7 757 21 287 5
98 9 31 9 757 89 7 5 5
36 18 6 2 5 753 80
61 26 2
3 5 106
1 4 853 50 5 7 556 6 8 1
37 8 1 718 38
37 9 99 367 94
17 57 4 3 2 8 5 4 60 160
14 6 499 71 4 54 76 99
369 6 74 584 54
56 7 3 76 4 9 6 22 6 1 3 8
5 5 8 3 332 8 2 919 82 5
10 91 1 815 484
49 278 1 503
6 6 52 58 470 49 1 509
6 4 74 2 5
656 364 219 6 37 739
69 46 4 72 24 6 91 66 7
7 70 4 88 1 58 2 99 9 2
82 838 9 481 77 52
7 89 71
68 859 47 4 4 84
373 9 8 3 2
7 8 223 209 3 5 57 8 8
690 532 70 8 94
5 55 5 1 4 9 810 29 7 2 2
1 95 773 9 1 3 756 8 93
45 5 1 8 7 8 17 3 5
95 34 646 960 4 1 84
5 133 1 5 625 2 2 83 6
603 6 2 3 7 1 87 4 7 2 9 5
20 67 113 307 8
1 6 39 3 858 60 4 79 7
4 5 372 7 398 3 25 649
58 98 624 54 9 106 4
678 6 8 574 3 24
3 6 3 8 988 5 805 196 3
17 1 4 7 6 19 58
867 300 8 94 306 5 2 5
4 4 68 77 847
2 23 569 4 1
6 3 8 4 5 611 9 1 2 4 55 4
1 31 8 45 5
9 4 5 3 36 84 4 8 5 58 2 8
2 6 5 2 1 5 2 14 8 21 8 1
43 7 338
14 302 2 654 93 862
2 470 59 2 9 2 1 1 90 84
1 479 1 6 252 2 4 6 6 9 4
3 2 2 3 387 9 89 3 8 8 8 9
7 824 351 5 6 7
93 693 97 4
1 73 1 62 58
49 8 6 702 54 1 4 5 729
4 264 81 2 972
62 623 9 3 76 7 5 32
491 92 9 92 3 11 657
986 9 849 7 245 4
55 4 32 8 931 7 52
7 4 887 9 8 8 2 86 46 4 7
6 2 5 4 4 960 3 8 5 8 225
13 1 4 55 20
6 71 288 28 18
184 7 66
8 39 59 1 35 7 83
890 71 88 801 2
325 47 34
96 61 60 5 507 133 26
5 99 5 24 9 26 9 951 4 5
8 11 7 240 24 62 542
6 291 12 1 766 6 8 259
10 1 15 64 3 76 791 49
216 7 4 84 2 96 4 7 2 82
4 7 4 8 5 9 8 9 8 5 435
73 2 53 4 825 4 260 6
2 985 11 4 8 13 4 8 2 5 6
2 4 46 63 92 5 6 4
16 7 2 93 84 6 7 1 8 2
738 420 592
8 55 6 28 9 7 8 25 23 9 6
207 83 7 616 512
5 89 7 23 7
433 3 1 3 2 1 5 78
457 7 1 375
5 77 574 80 5 1 6 622
59 678 13 6 58 4 163
772 2 69 269 225 7 14
6 5 82 84 523 5 69 365
4 5 967 4 69 5 2 4 5 4 26
3 8 75 2 96 1 1 1 18 9 1
6 8 52 69 47 4 325 18
745 4 3 6 7
34 8 2 991 3 4
78 61 741 48 2
7 5 461 511 756 53 5
803 729 2 8 1
16 982 4 8 889 1 8 6 74
11 58 6 22 959 3
7 3 3 6 470 4 46 6 4 8 6 8
4 91 7 72 637
32 5 21 607 890
633 40 31 376 27 9 7
5 21 4 28 5 6 1 8 56 6 2
4 23 157 58 745 6 8
3 5 760 8 8 7 3 2 4 38 1 7
42 335 476 913 979 5
9 507 9 3 6 1 24 4 4 623
9 650 9 130 8
4 2 6 6 5 226 8 1 5 943 1
5 868 95 22 47
6 1 6 8 7 5 4 87 6 337 6 1
55 800 8 83 6 663 72
7 5 38 120 21
740 8 22 5 6 617 58 5
929 525 437 52 4
4 380 5 3 6 4 4 4 34 8 4 7
8 6 972 4 1 56 65
